0.0 50.0 -10.0 7.0 0.0 0.0 0.0
2.5 70.0 -20.0 7.0 80.0 0.0 0.0
2.51 100.0 2.0 1.0 110.0 0.0 0.0
3.8 125.0 2.0 1.0 132.0 0.0 0.0
3.83 155.0 20.0 10.0 170.0 0.0 0.0
5.4575 181.25 20.0 10.0 192.5 0.0 0.0
5.48 200.0 50.0 0.5 200.0 0.0 0.0
6.3 200.0 50.0 0.5 200.0 0.0 0.0
6.33 253.0 52.0 15.0 203.0 50.0 0.0
9.33 343.0 53.0 5.0 303.0 50.0 0.0
9.36 348.0 53.0 3.0 350.0 50.0 2.0
10.23 353.0 57.0 3.0 360.0 50.0 2.0
11.23 358.0 73.0 3.0 360.0 50.0 2.0
11.27 210.0 150.0 7.0 198.0 100.0 0.0
12.2 200.0 150.0 7.0 198.0 150.0 0.0
12.23 202.0 124.0 3.5 197.0 135.0 0.0
13.50 187.0 124.0 0.5 197.0 135.0 0.0
13.53 217.0 140.0 2.5 118.0 245.0 1.0
16.13 138.0 240.0 2.5 118.0 245.0 1.0
16.16 98.0 260.0 2.5 118.0 245.0 1.0
18.26 228.0 180.0 2.5 238.0 185.0 1.0
18.29 303.5 244.77 5.5 278.0 205.0 1.0
20.79 273.5 164.77 5.5 278.0 145.0 1.0
20.82 214.3 100.77 0.5 214.3 114.83 1.0
21.82 208.3 112.77 1.5 215.3 116.83 0.0
